50 200
31 8 16 22 11 10 28 20 -32 -12 0 -26 -34 -37 -25 -39 14 -33 13 11 -28 39 23 9 8 -6 -16 24 -44 23 -41 47 -2 -15 3 -47 23 -13 -23 32 1 8 33 -16 5 34 -30 -44 6 33 44 -36 11 39 30 22 -36 34 -8 -25 0 34 -1 -19 -13 20 -47 -46 28 16 36 39 39 14 -49 42 39 -9 16 -35 4 33 6 3 29 -9 -47 47 -31 38 42 -25 -25 -47 12 43 -42 -35 38 12 11 48 -46 -41 27 -7 20 -38 -41 47 -49 43 -11 -1 17 15 -17 47 -40 -37 -48 -41 31 38 -25 46 -25 -48 -8 -18 44 22 35 -3 48 -7 -21 19 14 -8 7 -23 17 48 33 34 -40 5 26 -10 47 -1 3 -25 33 -35 38 -49 -31 46 -4 -50 -13 10 -35 28 -20 47 -26 -30 35 49 -9 -20 -48 -45 3 15 48 -49 25 -36 -23 -26 30 -25 -33 22 16 -47 -39 9 -2 13 -39 -30 41 28 2 20
48 -2 -34 -30 -24 -49 44 -13 21 -21 48 36 -16 2 -26 32 -14 -28 46 -20 -38 -50 -30 -21 15 -38 -42 -11 -15 28 33 -1 -38 -50 -21 18 39 -15 17 43 38 -26 19 -33 -38 -37 -12 -50 0 25 7 -37 3 -15 33 -14 35 27 -24 -42 20 -50 39 49 27 -20 19 -38 -12 -31 -39 -28 9 32 45 27 4 47 16 19 2 40 19 -46 44 -33 44 21 19 -7 47 -43 -33 7 41 4 -27 13 -42 -1 0 38 39 -50 -37 -40 -21 -16 24 41 48 8 -9 -37 -28 12 -13 35 10 44 39 24 -47 -37 25 -4 -35 -44 -6 -9 -26 28 -48 -13 5 32 16 17 48 35 40 30 -16 -1 -13 -37 33 -2 -16 -30 -41 38 -7 25 23 28 19 -46 8 33 -8 -45 -46 42 33 -44 15 -12 23 46 20 39 -28 -33 28 3 -23 -6 -4 -15 -39 6 18 39 -9 -48 -47 28 14 -43 -8 -38 26 -9 -26 -3 15 8 -22 -1
23 -1 10 10 -14 -29 -39 -31 16 -15 -23 39 -5 -16 41 44 -20 -14 -20 -27 14 24 -36 -8 43 -39 14 22 6 41 -42 -49 47 1 -45 -32 37 40 42 23 -19 -20 -7 -30 -32 -50 30 28 -6 3 12 16 12 15 -40 49 -17 5 37 -35 -43 -5 -36 45 -5 1 28 -42 18 -39 -20 -34 -4 17 22 -27 -23 -29 37 36 -29 -11 15 37 -50 26 10 -36 4 42 20 -7 10 39 -19 38 -44 12 27 28 47 30 -10 4 -15 18 -14 22 36 -26 12 -14 30 14 40 12 -21 10 23 -24 27 -28 -36 48 -2 36 44 40 -9 3 -4 13 43 -38 -34 1 31 -29 -30 40 -46 -32 45 -50 -5 -6 40 44 -41 45 -2 23 3 -48 -42 21 33 29 41 -26 -13 13 -33 17 42 -19 21 46 -46 26 13 25 -46 -16 32 38 -20 -34 44 -10 -28 -36 32 9 -39 45 23 39 -44 14 26 -41 -32 37 -5 -27 -2 20 -24 -7
23 32 25 -48 -31 -4 26 -26 2 -46 -40 -5 -10 47 21 1 33 49 9 30 6 21 -47 -32 40 -24 36 27 6 -17 -20 -1 23 31 25 -1 38 -33 0 33 -18 14 20 37 35 -32 35 49 -15 44 -42 -1 25 4 8 6 42 32 9 7 1 -9 -1 -14 49 26 -31 -49 -25 47 24 40 7 -33 -23 6 9 27 -35 -18 -40 -4 -26 26 -19 28 -11 -32 -11 -12 46 -15 -32 8 -28 9 -29 -37 6 -47 -11 15 19 11 -1 35 3 38 45 21 -46 -2 -28 22 -38 39 -29 -21 27 24 -7 -47 7 -37 28 -16 -9 -25 27 5 -49 22 -4 45 -13 -34 -1 38 27 22 -33 -6 -14 18 -49 48 16 18 34 -39 -44 -38 40 -36 37 -24 29 19 11 -45 41 49 9 48 29 -25 49 -35 -15 15 49 26 -49 -19 -45 7 -28 4 43 10 40 40 -7 37 10 5 -10 11 -34 27 -44 -40 31 -10 -17 41 1 -43 -11 -9
-6 -6 12 -32 -25 -45 -35 49 -25 -23 36 0 0 -8 42 22 20 -33 -30 -27 13 -45 -25 25 20 12 -1 11 34 -21 -50 -21 -22 40 -5 32 -15 21 27 -45 23 31 14 -34 -49 44 15 43 -8 -44 -46 0 -49 -8 -13 -16 -47 14 43 -7 37 40 -25 29 -43 -23 43 11 42 8 32 30 39 -30 30 48 -38 -5 39 -19 17 4 5 -41 18 40 14 47 21 -36 -26 -24 -44 28 -9 13 24 -32 9 -19 34 -30 -6 23 21 9 -40 -33 12 -12 -9 36 42 15 15 -50 -44 -33 -47 37 -46 -30 -8 20 18 47 11 40 32 -24 -21 42 38 -46 25 -11 -10 -24 -47 -13 -42 44 12 -42 -23 4 43 -8 -13 44 -36 -38 -31 -9 -32 -34 -18 33 -21 -43 -48 25 11 37 -33 -16 -30 -46 16 20 -3 48 -44 25 -36 -32 -12 4 26 11 -37 -47 7 19 45 -42 -2 37 18 -14 -41 47 -36 29 -43 22 -30 14 -17 34
17 1 1 34 -8 -26 26 -22 -28 -45 -10 5 29 -5 -34 39 -13 46 -35 45 32 -30 -1 -42 -50 13 46 -42 -30 -18 9 -47 31 -36 22 16 43 -45 -21 18 30 1 -24 14 -48 47 -17 16 -21 46 -16 36 -4 -3 -5 -29 30 -47 -36 -4 -19 -42 44 -20 11 22 49 9 22 -37 -31 30 5 -38 0 35 -5 -11 -1 21 24 -28 46 27 -1 2 1 -15 -44 19 -30 14 -9 15 -11 5 17 -46 -21 -30 -14 -13 44 -13 43 -16 -23 -43 -12 -18 22 -10 -5 -10 -50 -48 46 38 -28 33 32 33 13 30 4 -45 18 22 38 -46 48 5 7 -25 -44 -36 16 -39 -15 -42 13 18 -2 21 9 46 35 31 31 -14 47 -9 46 21 45 -19 46 -49 18 -33 32 -1 -11 35 16 -13 -20 14 -48 -14 1 -50 -15 -30 -35 -6 -16 -1 -48 1 30 39 1 0 -40 47 -32 38 -13 -2 3 -40 -8 12 10 33 -48 -5 22 -10
2 33 32 28 0 -39 -31 31 -36 -11 -22 -41 29 26 -32 35 -31 16 27 -20 0 -19 37 -20 -43 -39 -45 -29 -25 42 -44 -39 2 -1 42 -44 45 -12 30 -33 -44 41 -38 4 -5 42 35 5 0 -31 18 15 16 -13 29 5 -6 -23 -21 -21 45 17 -1 -4 -31 -8 -18 36 -7 -30 -14 -3 -32 40 19 6 -31 -41 31 -37 22 41 1 1 -22 5 -35 27 19 -25 47 -34 11 17 -19 -8 -2 7 33 -47 23 7 41 -18 46 37 -30 0 -7 24 32 20 24 -34 0 -34 5 -41 -32 -14 -11 -32 -7 17 30 22 -16 34 -1 12 37 1 -17 2 41 2 29 -3 -5 -27 -38 26 -43 -17 9 48 16 -7 -36 13 14 3 18 42 8 -13 -34 11 47 36 -34 -29 -41 -8 -24 -39 37 33 -44 -32 -49 -44 49 -13 -5 -33 12 7 -11 23 -19 15 49 -27 44 25 -37 -10 -42 45 -30 -1 44 13 -43 -8 -23 -19 35 -17
44 -40 30 -26 47 8 -50 23 40 -28 17 -30 15 -46 -4 -18 44 0 29 8 25 -38 49 31 8 28 23 35 -48 21 -40 -2 -50 16 -5 -32 -16 6 -21 -40 39 -5 -41 30 49 0 15 11 7 30 -44 -40 -22 7 -12 48 39 -36 -21 -6 28 18 12 23 -44 -35 -7 -7 -46 45 36 45 -11 -48 -18 41 -27 -8 -1 42 10 40 39 23 9 -46 -10 27 -9 -42 -25 -7 10 48 -3 49 -37 6 -21 39 5 40 -34 11 4 -36 16 -35 27 34 -2 -31 8 38 -14 -2 -48 36 38 28 -25 -10 6 -22 22 15 -12 -1 10 36 36 -50 25 -20 34 -9 18 -28 44 -46 -18 -4 14 -10 38 15 29 -46 -11 -10 29 19 27 13 -27 16 39 -31 2 -30 -38 30 23 8 23 -14 -50 20 5 19 8 20 -3 -27 -1 41 15 -10 45 39 26 -32 -36 11 31 31 -31 -8 4 37 -43 -41 2 34 -8 -32 19 -46 10 49
35 -24 15 -21 -49 -26 7 27 -50 25 24 -42 -13 11 33 -42 19 37 23 -4 -1 -35 18 -50 4 -14 -9 19 -30 -17 -35 -29 46 32 -50 -11 -6 -2 25 45 -34 -39 -17 48 -37 -46 -19 -4 -46 -21 -32 33 -39 5 0 -31 -50 16 38 30 26 47 11 48 -15 26 -18 18 -10 -12 -36 2 6 -2 -25 26 -23 10 8 -43 39 38 0 -46 4 -29 -18 49 -17 17 -11 -36 -5 -28 -43 37 36 8 25 11 0 -45 14 -34 25 -35 6 -42 -14 1 40 17 41 3 -24 -32 43 -24 -49 18 20 42 40 49 13 -42 49 -48 -44 -7 30 12 -50 4 -11 -4 24 8 9 47 -10 13 -11 -34 30 -45 -8 -13 -26 25 -12 -7 27 -7 -11 0 -17 -37 2 -11 -11 -45 -39 -47 -35 -23 -10 7 3 -10 -22 -6 44 20 -47 -10 32 -30 10 40 35 20 -10 11 -47 32 -45 -38 18 10 28 -36 -33 41 -15 -45 -43 -9 23 -31
-33 -46 14 -27 48 -50 31 13 47 7 -20 -5 31 9 -47 4 38 31 27 40 30 -3 7 -49 -20 14 -35 -20 -9 -4 -16 -34 -47 -32 -33 -13 18 1 21 16 -47 -45 26 -10 -39 -18 11 13 25 -40 -5 -15 -2 -18 6 38 -25 -45 33 48 47 -4 10 22 -10 -4 34 -21 -26 49 45 36 31 -19 21 42 -21 32 -2 23 -47 -30 -26 10 -4 6 24 25 41 22 18 -40 -26 -35 -12 42 -39 -37 -48 5 -8 -37 -49 -7 30 44 -13 46 2 -35 -43 32 -3 -50 33 13 48 -14 -17 -14 29 -1 -46 2 43 16 44 -15 26 6 44 -49 -37 7 4 47 -10 -2 -37 -31 39 -21 34 -31 -48 42 -32 -39 48 30 28 -47 -43 -46 -1 -9 13 25 -42 -32 -20 31 19 -43 -5 -36 -2 -4 -23 -23 -5 1 -17 -49 -6 38 40 13 24 49 41 -44 7 31 10 42 5 -6 -22 38 8 -16 -17 -14 3 -22 43 40 -36 -15
10 6 12 -7 1 -50 -27 42 10 -34 -46 -12 -32 6 -9 8 -20 16 49 -38 -9 -10 -8 -13 4 5 -11 47 12 10 -43 -26 8 17 0 -9 -45 -16 45 27 -8 7 -4 5 27 -31 -6 -22 33 12 -26 33 46 1 -9 24 -35 2 4 31 23 19 -42 -48 21 -40 18 -44 -44 -30 30 -13 32 -35 -15 31 -13 28 19 -44 -16 40 14 -9 -45 1 22 -24 -50 41 5 -30 -43 29 39 25 -13 -2 -9 -25 -19 -30 -41 -4 8 13 -14 -10 -27 -42 -13 16 6 -34 -12 15 -13 4 16 -21 0 -25 26 24 -6 2 -40 34 42 -31 39 42 43 12 -34 -48 -31 35 27 8 18 -9 -20 -41 14 -37 26 29 -30 7 -21 41 44 28 31 -11 32 35 46 34 22 18 -8 25 -32 12 22 -29 12 48 -21 49 48 -34 21 -31 -6 34 21 42 22 -19 40 7 37 46 -26 -8 -18 22 -3 44 -23 -49 -27 29 14 31 -24 6
31 -45 -17 -18 15 -3 36 -45 38 8 11 -18 32 -6 -2 6 28 -21 -37 -46 38 19 41 -1 -47 -45 -39 12 26 -43 45 5 42 -47 -49 25 -8 6 -3 -5 -44 -19 42 46 11 45 41 -43 -18 3 -45 -46 28 -49 -34 45 -2 7 39 28 -28 -47 49 9 -3 10 -37 -33 29 -18 -11 -42 43 -8 9 22 11 38 28 35 9 -31 -34 15 -14 -38 47 -5 35 -7 28 23 -26 44 13 8 -20 -21 1 -9 -37 -37 -48 5 -25 -26 9 -27 48 41 11 13 -30 15 -20 16 41 14 -42 -44 -33 9 -30 -48 -37 -28 41 -19 9 -41 9 28 -38 -22 6 -13 -34 -16 -41 -46 -50 -48 16 -37 -10 -39 4 48 44 46 -6 41 32 -6 3 15 16 14 15 21 32 -20 -44 5 16 7 4 17 47 -46 -40 -11 38 -17 14 34 -29 -23 -30 42 47 -8 27 -47 37 -4 11 -10 -28 41 -46 17 21 42 16 29 29 -46 42 22
-42 47 9 1 23 -39 38 -20 23 -13 41 -21 18 18 9 -16 11 4 -45 -48 -9 47 -21 7 -50 15 -11 -20 27 18 13 -34 23 3 -8 47 -36 -24 -50 12 -10 -15 -46 -17 29 -6 41 -47 34 3 20 36 -17 38 -35 -32 44 -3 48 -40 4 21 9 -45 -3 -31 23 36 -38 -41 -6 -5 21 40 -29 12 10 -37 -34 28 -13 -43 -28 18 39 33 43 34 -41 29 31 -13 6 -19 6 31 25 47 1 21 -48 35 -39 -25 48 -48 46 5 -50 -6 1 -10 -49 49 36 -18 26 19 -49 15 43 -8 2 -31 46 -49 -39 -28 1 5 38 -45 9 9 20 0 -20 -46 3 -5 9 14 -14 5 27 34 -38 -36 -49 25 -3 29 45 -32 45 -47 -34 13 22 5 -9 -4 6 43 32 13 17 -39 29 23 24 -1 9 34 48 -47 -30 21 -41 -1 8 7 45 -36 49 7 11 -33 -9 21 -7 45 4 -3 37 13 41 43 -23 -23
20 -43 -15 -42 34 -40 -21 -16 44 44 -7 -19 -12 -23 22 2 2 44 49 -33 27 -2 -47 17 45 37 39 -11 24 -1 -39 -26 -36 -4 -23 37 3 -15 46 -37 -2 -5 8 40 4 -12 -18 -40 -32 47 -24 14 -16 48 -14 41 -12 43 24 10 6 -16 40 -42 26 -39 48 37 23 -39 -32 13 0 7 -19 14 9 -38 -1 -50 24 -30 -46 -28 9 26 38 14 5 -9 -28 2 -40 18 -21 -4 -36 33 -6 -24 -16 -23 0 -5 45 34 21 -30 42 -33 -17 36 30 -6 1 -22 14 -30 9 32 -47 44 -8 49 0 -49 34 -25 45 -36 -35 -37 46 -10 17 -11 13 45 -3 11 -42 6 -26 42 -37 -2 0 11 -17 -9 -7 -8 -25 -35 -27 -37 -13 -1 -3 -12 45 -7 17 -37 49 -7 -5 -8 25 -17 5 44 -9 36 45 28 32 -23 12 22 -44 -26 30 28 -7 -40 15 -11 -3 -3 -8 -28 -27 28 -5 11 -20 -17 -20 -46
10 -37 14 30 48 33 32 14 22 -17 30 40 27 -8 5 29 5 22 42 20 3 31 -46 -7 36 2 45 -22 27 -33 43 -24 34 -12 -7 -24 -12 -28 49 37 -36 -28 13 -12 -43 -23 11 43 -35 23 -4 24 32 -50 -12 24 22 30 -42 -5 -9 -39 18 47 38 17 -41 18 32 42 19 46 15 29 38 46 -38 25 -41 33 19 -21 -17 26 -6 21 44 19 -46 4 -47 -15 -48 45 -50 -6 26 0 10 -9 -30 18 38 22 -49 32 -29 -38 -42 6 -33 12 -37 4 35 39 -10 -15 -3 5 31 43 -44 -40 29 -15 41 -14 -19 -1 -37 -20 -7 25 -43 -12 -46 10 0 -18 -31 -44 18 42 -32 -36 4 38 -1 -14 9 -17 45 17 8 33 29 -34 48 -22 -22 36 49 40 -30 -31 1 -37 30 -11 -46 -20 16 19 23 -31 41 26 -44 11 33 30 30 -45 35 -6 -39 -41 -50 12 -14 -19 -25 3 13 27 21 32 -49 28
21 -30 -4 -10 -35 -39 8 -5 44 -28 -7 40 -13 -34 36 -31 20 -23 42 -31 41 34 47 -48 -38 37 5 -47 30 8 -16 43 -34 -33 -47 -24 33 -12 13 15 -7 48 25 -39 15 -15 -46 -11 -3 15 -2 -8 19 -31 -18 21 29 -6 36 -25 -25 -38 45 -32 -27 30 46 -39 40 -40 -15 24 15 -49 -7 16 1 16 38 46 29 33 -17 43 -44 33 20 22 -49 -43 22 28 -19 -21 0 26 -14 20 9 18 -30 -23 -44 1 -15 -47 21 -8 -12 40 -33 -47 -14 -48 49 -5 -19 37 -26 -39 -14 -22 29 6 -23 39 28 39 16 4 -24 32 -45 -4 31 -6 18 -28 -37 39 10 -37 -45 46 41 49 17 3 -10 22 12 36 -19 -24 5 -10 41 9 21 -50 -41 27 -49 48 -39 -32 28 4 -34 -3 -34 23 12 36 -41 29 23 -34 47 27 -3 39 13 -42 23 23 -23 36 -7 -4 37 33 -23 -29 -29 -16 -5 -27 -37 -13
16 3 24 -30 47 -3 25 -50 -44 -47 -4 43 25 15 18 43 -8 -38 12 -23 -23 -25 -17 -15 -1 0 26 -39 -22 -1 -32 -22 -50 44 17 -4 6 -7 -6 -45 -8 24 -29 25 -41 17 -45 -32 19 23 32 -38 -14 -6 14 37 13 -23 -5 19 6 -36 30 28 1 1 -3 -9 37 43 -26 -43 -28 23 40 -11 46 14 -6 -21 1 8 -27 -32 -31 -25 -35 43 43 37 8 47 -12 -34 36 11 41 3 26 40 -48 33 -26 -46 -46 10 -50 -12 33 25 -33 -27 0 4 48 6 -2 -10 26 12 -18 -38 18 6 25 38 5 -48 12 42 -18 44 -7 10 18 32 26 -10 -26 -19 -34 -30 7 -2 -14 -27 -31 48 36 -24 -22 -2 -20 -50 15 25 -20 -48 9 34 26 -44 32 8 34 -41 -8 -21 49 -36 -18 -30 39 -20 36 -30 -8 0 -50 11 30 35 7 -48 -5 24 -8 -12 29 11 22 -48 9 28 -50 47 -15 33 -10 -1
43 46 -8 30 -18 -9 -7 -4 -38 15 -23 13 26 22 47 36 -50 3 -21 -41 5 5 21 0 -13 25 15 38 -3 -9 -17 29 -9 -22 -39 -27 -17 14 45 -14 34 -13 -14 44 -20 23 -42 48 7 -35 -22 7 -38 -12 -39 -18 -34 -15 14 24 -32 -35 -36 25 38 -46 -37 -41 31 -9 -50 0 36 40 36 -31 29 19 45 -24 23 -49 49 33 28 -46 -30 47 9 -28 -14 -46 25 -26 39 10 -11 -37 -29 34 -39 -15 16 34 -8 38 -7 28 2 -10 39 47 40 38 -48 21 -19 -11 16 -18 15 34 19 4 49 8 -10 -23 26 -45 39 -12 32 -10 30 -42 2 37 -41 -44 -19 44 -7 2 -45 27 30 29 19 25 -3 -24 46 43 -14 1 40 -32 34 4 44 45 -23 -33 -24 37 -41 -34 -26 45 -43 -13 10 0 25 21 36 5 -26 -3 38 -3 12 -23 -17 28 -25 -50 12 3 -41 -47 -19 -45 -11 16 -19 -42 -25 36
48 30 49 -10 24 9 37 48 -18 -39 31 5 24 20 40 18 37 -41 -40 0 -22 -31 -28 -50 38 14 27 6 21 38 -24 15 20 46 31 -48 -29 -33 10 -33 47 0 46 25 28 41 -50 9 35 -36 -22 -4 6 -46 21 -10 23 32 4 -10 39 24 38 -33 -5 41 5 39 -10 -47 12 16 5 44 -2 22 27 33 13 -34 -39 -25 17 -22 -23 -3 13 45 9 33 -22 -32 42 -17 -26 18 -39 26 33 -35 -18 5 39 -8 -47 -50 8 -34 -32 -2 43 10 41 -39 36 2 12 -46 13 41 3 -12 19 2 26 -44 14 -46 24 31 27 -50 -30 23 9 -42 35 39 1 42 48 -22 -49 -24 -35 -50 -37 -3 26 29 -35 36 25 21 34 18 -2 -41 -2 21 -6 18 -37 34 -41 19 -7 -27 35 -32 -18 47 20 44 -20 -17 25 24 10 4 -35 -32 35 11 0 -18 -28 10 21 4 48 39 21 7 -31 2 47 36 -41 16
-20 29 13 6 -45 -11 -50 30 7 42 -26 24 -39 9 -22 -41 22 0 26 -49 18 -25 -10 -4 -45 -50 7 45 -41 -4 -21 -42 -12 -29 -49 -43 44 -3 -49 13 16 -2 -20 5 -48 -41 -34 -38 42 -2 -2 -4 -9 -21 36 11 -33 2 -12 -21 45 4 36 -24 -32 -4 -29 -9 23 43 -31 8 -27 33 -19 -21 -30 -26 -19 43 -5 28 -28 -7 -34 -25 -13 -3 42 -9 -28 -48 -12 -37 -49 33 29 -25 -20 15 -1 11 -50 40 7 40 -33 -38 26 -34 28 8 30 -48 -31 -17 -37 14 35 -48 -7 29 -24 -38 10 35 23 44 -42 -34 -44 3 26 38 21 -22 35 37 -50 7 44 -20 -15 39 18 34 -33 -22 36 -46 -36 -3 -11 -8 -34 3 16 1 -45 27 13 -19 -43 -16 17 37 -13 25 -12 -2 -12 15 43 45 -48 24 -24 -47 -41 26 44 41 48 -16 39 37 42 32 -16 -5 -24 -9 29 -26 -11 -37 14 -49 33 -21
-29 -23 -38 -39 -32 18 49 -32 21 -38 -8 29 -28 -17 24 -20 -9 27 -45 -39 46 36 6 32 -5 -43 19 42 30 10 -43 7 2 35 -48 10 33 2 31 16 -20 42 15 -43 -45 27 -35 34 -11 30 27 18 -45 -20 -9 -6 29 0 -2 -35 40 -48 -49 -46 -13 -12 0 14 12 -8 28 8 47 0 -31 13 -47 49 -31 -47 9 33 31 -45 -20 -37 -38 32 -5 -4 24 49 -27 -8 40 29 -20 36 -5 11 49 -41 -15 13 -4 -22 6 -18 -21 35 22 -50 -30 17 34 21 28 9 -3 -6 16 22 45 -44 -31 -4 -6 -47 4 -22 43 -35 4 -1 -23 -39 -16 -7 4 30 -9 -40 -33 26 22 -37 -14 -45 -43 -29 -32 -15 30 -44 35 -17 -30 35 34 11 -41 -4 38 11 17 2 14 36 -12 10 -6 17 -10 -5 -23 9 6 -38 -26 25 25 14 33 -2 5 33 35 -6 -9 17 5 -42 49 20 46 -11 -26 48 -11 -2
-40 -16 29 21 41 -4 -28 37 37 11 -9 26 35 17 -19 31 -29 17 -34 4 -47 33 37 6 -42 -44 43 -4 -1 9 43 -24 30 -27 -17 29 -40 10 16 22 -22 -26 48 -49 23 28 42 32 -1 -20 40 45 21 16 37 44 -45 36 -46 -45 12 44 2 -4 1 41 6 47 5 -34 -42 2 -15 28 17 -20 -36 42 -4 42 -3 -36 25 45 3 -50 6 23 -41 -5 2 0 -38 -29 19 -35 9 -35 -27 45 24 -29 -8 32 21 12 -10 -3 -47 40 -27 0 33 41 -37 25 -8 -12 -48 47 -12 32 -22 11 49 -11 -19 31 19 -46 1 -23 42 32 -2 18 12 42 4 -11 0 -9 1 -37 42 -6 19 -47 -38 42 21 -32 -24 39 36 -16 -34 -40 -26 -28 -45 1 -47 -49 21 -4 -32 6 10 -16 39 30 -9 28 9 -28 -47 14 -22 -2 12 -40 -23 36 9 49 11 4 -47 -14 19 -29 21 43 17 -14 -27 -35 44 -4
23 28 43 -23 23 8 -27 -31 -34 -45 36 -31 6 1 -37 -27 -25 -23 -17 45 -21 -9 49 14 -41 12 -49 2 21 43 13 -9 -31 29 -6 26 49 40 -20 -10 -18 -34 19 40 19 43 -9 -19 -28 8 -46 -6 8 -32 9 6 -14 27 -46 -47 6 -9 19 43 -20 42 25 -9 47 35 2 -5 37 28 -16 44 -20 13 12 -50 8 34 -24 -16 -9 20 -28 -30 -38 -24 -32 25 4 39 34 21 33 -29 19 -50 -40 32 31 3 6 16 -39 -38 15 -30 -15 16 4 45 41 20 -11 45 -44 -9 12 -44 -33 5 -50 -31 15 34 -40 27 -49 42 -12 -17 -23 -32 -34 -49 44 30 36 -47 5 4 35 9 -5 38 21 48 -18 0 -49 15 -9 -34 -5 21 37 48 13 22 23 38 39 25 -48 -9 -25 -45 -35 42 49 -2 18 39 -34 40 -37 -35 3 -46 -12 -23 -48 47 32 23 35 -40 12 42 2 -47 -42 25 -47 -21 12 40
-6 -40 3 26 -28 18 21 -2 -2 8 9 -23 -48 -43 0 -48 -34 -30 -11 25 13 -34 42 -39 -16 11 -39 13 -32 -6 28 29 9 25 -50 6 15 -27 23 -8 20 -5 -30 42 9 -9 36 49 36 -27 -50 3 39 -3 12 -16 37 29 -46 47 48 27 -26 3 18 -45 -16 24 -16 3 46 46 43 9 48 -50 -43 -8 -10 49 -16 28 21 -12 -5 -2 -27 -16 -15 -31 48 43 32 -44 2 46 -48 -23 -10 -5 37 6 -30 47 -48 8 37 39 25 13 -29 -43 -1 -49 9 -31 -22 -46 -32 5 33 32 12 47 17 0 -46 21 6 -16 -13 -32 36 12 3 41 -41 16 33 9 -1 32 29 -50 26 39 8 40 -50 -6 -31 36 24 -37 10 -10 -50 25 -49 -27 17 -11 34 -32 35 -27 -48 -36 38 -19 -38 -43 42 -1 -4 17 38 -22 27 -10 -10 -49 25 35 5 10 28 12 -18 8 14 42 -7 -37 -24 31 -17 -16 -36 -27
-15 9 10 6 -39 36 -49 29 45 48 -6 46 14 35 -43 49 -31 13 -4 -30 23 -26 28 -40 37 11 13 17 -20 -24 30 11 -10 -10 3 -14 20 -47 30 -23 39 39 2 5 13 -9 -18 39 -16 -3 -20 22 -40 13 -16 -14 45 22 -15 -30 26 -32 10 -41 -4 28 20 -13 42 -17 29 -34 39 44 31 -48 2 -47 -36 31 -23 39 -1 -40 -41 38 -30 -38 -9 42 39 -48 4 -20 -19 37 34 -39 -4 -30 -12 32 3 -5 -4 -42 -29 -17 -9 9 -22 12 -36 -24 -43 -18 19 -20 -8 6 9 16 -35 32 -50 -40 19 -33 -50 -23 12 46 43 22 -5 -50 -36 -48 -41 24 -26 9 -3 17 -28 -39 19 0 -44 -15 14 33 -37 47 -11 36 20 39 37 -38 -9 -34 28 -7 -17 -3 7 28 43 -41 16 -36 9 25 31 -12 -10 35 22 -29 6 -40 14 49 -16 -12 14 -29 -17 14 46 -34 -10 29 -17 -43 22 27 4 43
-47 1 31 11 -9 1 -40 -11 -48 -11 1 -25 33 -24 -3 -27 23 -13 -48 -26 -23 -37 -20 35 -36 10 -45 38 -33 -40 16 31 -12 22 -25 35 34 -50 -18 12 33 30 12 -37 30 12 -35 -49 -15 16 45 -1 -2 -3 -6 -34 34 -31 43 -16 -47 40 -6 -41 31 46 -2 -15 27 -36 29 42 40 -40 12 -22 -1 -27 -15 -32 -39 -14 5 -31 -7 14 -33 -34 7 4 -14 7 38 15 -21 36 38 33 49 19 -15 32 19 32 -45 38 37 40 36 2 -24 -16 -26 -26 3 40 9 -3 -6 -21 -12 -48 13 36 2 -16 -36 25 -49 -29 -34 -42 36 33 -33 -22 -32 -24 44 15 49 -42 -18 18 -5 -6 -22 -23 -29 -23 41 49 37 8 40 18 44 -39 -2 -3 19 -47 -18 -4 9 48 42 -16 -36 15 -25 -4 -18 34 -44 22 30 -29 6 19 3 -44 -42 9 -27 30 -43 -29 -19 5 -9 22 37 23 -10 8 12 -43 -8 -19
-1 41 6 0 18 36 36 42 8 49 36 5 -42 -2 -38 -50 -8 3 8 -3 -32 -17 -13 2 3 -17 -39 -48 46 -25 -45 47 -10 33 -34 -23 13 -39 -38 -14 18 40 45 15 44 14 46 -1 18 -4 41 2 -17 32 3 -26 25 -49 -2 -21 35 -40 -44 -8 -20 22 -32 -20 -46 18 -28 -15 -31 12 -48 7 36 46 9 -30 41 -28 -21 -17 -41 36 25 -45 25 19 -6 1 -37 28 1 -6 -20 -27 -7 20 -11 -3 35 49 43 5 9 40 47 10 -1 -42 -6 -43 -17 -6 44 25 39 26 15 -50 26 23 -36 -46 32 -43 -32 -4 4 -38 4 -2 8 -37 -27 -31 -34 -47 -40 -19 34 -17 -4 40 37 33 -3 -40 44 1 -31 -19 -8 44 12 -11 39 36 27 -46 36 -35 15 -38 -14 -44 -49 -16 -15 -39 39 -26 -4 -16 -34 6 -35 -50 -35 -41 -38 -8 -19 -43 -29 49 18 -2 13 -22 38 10 -40 36 2 36 39 29
8 8 5 -2 41 -5 43 42 -24 -35 -8 49 12 27 -30 -44 2 18 12 33 -17 13 -19 13 12 0 -37 -19 -24 37 10 -25 -1 14 43 22 -14 39 1 10 32 44 17 -38 29 44 -27 35 39 36 19 -42 -20 -16 16 14 45 31 -17 29 -35 -2 -28 -9 -34 -34 40 11 -35 47 5 -2 44 45 26 -38 -32 49 -46 -37 3 16 -49 -41 17 -20 19 46 26 47 22 16 26 28 -4 17 -6 -34 -2 -40 1 13 -3 -50 19 21 -44 -1 -13 -12 -3 34 46 6 -2 30 2 -44 -16 -10 16 -11 25 -22 -39 11 34 -40 -28 42 42 -3 -24 7 6 -30 -10 46 11 -44 41 -45 -30 48 -2 20 44 30 -12 13 -48 17 25 19 9 -27 48 -46 30 -30 28 -25 29 -44 -17 -40 -40 -16 -29 -9 34 16 -6 30 17 24 -13 -8 -35 45 0 14 25 20 -10 48 -41 13 44 -19 -47 -32 -34 19 0 41 -50 20 10 -50
-37 13 -43 -9 30 -34 -14 -50 -8 19 -46 48 9 -29 17 20 13 21 -10 8 2 7 -43 3 -11 11 45 26 5 -5 37 34 -43 20 -49 20 7 -12 49 -6 -30 26 -16 16 -22 -18 -26 -42 -3 37 -46 34 -9 -24 25 41 11 33 -25 9 -31 27 10 -12 -44 -46 -12 17 -35 -42 10 -7 38 -23 34 -2 46 -13 43 -26 -31 17 31 31 -44 2 8 26 44 -46 5 42 21 1 -44 1 -13 23 -15 -6 -7 21 15 31 43 -24 16 -25 44 -28 16 34 -35 10 18 -41 19 -2 -30 -24 -7 31 -11 -32 -29 -44 1 -29 -41 -10 -36 40 -42 41 12 -30 -38 24 -16 -19 -23 32 1 -26 20 -33 -34 -48 37 12 -21 -18 1 -18 -18 23 -10 -37 -40 -20 22 -1 39 -17 41 3 48 -16 -24 -3 -10 -38 24 -9 -1 -41 -32 48 -48 -10 -21 -16 -12 19 37 -49 -32 13 -49 27 -12 -22 18 27 39 45 -2 -16 21 38
-7 -17 -14 -17 31 -43 5 46 -7 25 -46 -16 22 36 30 -43 3 39 12 -39 44 -25 -1 17 41 13 -30 -43 -14 -33 35 -10 -25 33 -5 -27 -27 3 8 39 14 16 -28 -11 -37 -42 32 -37 -23 20 -19 1 -49 -3 30 -3 -48 23 29 10 -17 0 27 29 -12 -3 11 -46 -36 6 -43 -16 26 29 3 -47 3 -37 -13 28 -24 6 -9 1 -26 3 42 -37 -19 3 4 13 37 -24 -25 -12 5 -14 -11 39 44 26 21 -18 -1 -20 5 39 -26 38 11 -47 37 1 -44 34 27 36 11 46 -30 39 -29 35 -8 48 39 23 31 -32 5 -34 15 -25 15 32 21 25 16 -4 -43 2 -36 -35 -35 -31 -41 35 46 -24 4 40 29 41 23 -28 25 20 10 -1 -34 -2 -3 -11 -20 -18 -16 -31 -36 -20 32 20 21 -40 -40 -45 38 10 -34 15 -20 -30 43 -20 40 -5 -2 -34 -38 -36 14 -44 25 41 -17 34 27 -27 4 39
-11 8 42 31 15 -50 -24 -46 -28 2 15 -21 -26 33 -44 35 15 -48 -18 -11 3 38 45 20 36 -42 22 18 -26 -38 -17 -34 16 -16 -2 -29 19 37 16 38 19 -21 -7 -28 14 19 26 -24 -20 -15 21 -30 -34 -49 -9 35 43 -24 18 1 -20 41 43 48 4 32 -15 23 21 32 28 -8 -5 -50 11 5 -19 33 -8 31 -31 35 -34 -1 -11 -50 34 -13 -23 49 4 -21 26 28 27 -27 19 19 23 8 -47 39 24 -10 11 -13 26 49 -39 -12 -30 -25 -7 33 -23 11 28 -19 -28 -25 -32 -44 -8 -4 15 -7 10 44 14 47 -21 -4 -11 -27 -28 5 30 -12 -1 21 38 -50 -41 23 2 -15 -4 -17 22 8 -44 15 -48 28 40 41 34 -31 33 -45 -14 -50 0 8 7 -47 41 -47 -48 -40 26 8 -13 27 -8 -50 12 3 36 -34 10 18 13 31 26 -20 23 34 45 30 -39 -23 -11 1 26 -11 31 10 -30 2
-2 -41 -35 -44 -41 10 -28 -5 -34 -21 -47 -47 11 -45 14 -24 -19 34 -23 49 -28 3 -12 -7 14 -28 12 -25 46 -30 38 -2 -35 -4 11 -24 29 34 38 40 25 30 -50 -48 40 23 10 -7 -41 -34 39 -14 24 40 1 -45 -25 26 -10 -39 -27 -39 -7 15 -16 -22 1 -40 -19 40 -21 -15 31 11 10 -7 -35 -33 43 48 -30 3 -29 -48 32 -8 14 23 37 16 18 2 15 -24 -17 -16 26 35 46 -32 -8 -2 -28 -19 19 -37 19 38 -37 32 -25 -11 26 17 -47 19 -42 24 -9 16 -30 -47 8 -6 2 -6 -5 -40 -3 39 -10 -14 9 39 35 36 5 -11 -42 36 -32 27 -41 47 29 19 28 13 24 -28 42 20 -1 15 48 22 -16 -49 -9 -24 16 -27 -2 41 30 44 -30 7 -20 -36 -9 -22 17 -6 -8 9 -35 32 -41 20 27 38 -32 -29 -47 21 -42 -16 -31 20 -3 -40 -48 1 -25 12 47 39 -41 40
42 -1 -42 26 21 33 49 38 19 26 32 21 -8 -11 -28 -14 -10 -13 16 -31 -20 -23 36 -5 -49 -21 -36 -39 10 -22 16 28 48 19 -13 41 -32 5 14 1 19 28 -45 -21 -12 -24 5 -37 -45 -18 -6 -27 4 35 -36 2 29 46 -42 -43 22 19 -11 0 42 48 -5 -42 11 21 -48 -46 23 21 17 -14 33 29 -46 -1 -26 29 30 22 23 -5 -18 -16 15 -12 18 -26 39 -43 19 13 -17 8 35 -23 -25 -32 -37 -34 39 20 -47 -48 -4 26 -17 1 3 -42 42 -37 10 -46 -49 25 -19 4 45 2 21 35 16 -40 20 27 18 20 19 34 45 -42 -3 -18 -36 3 -29 -22 45 -9 2 -5 -39 5 -39 32 -10 -39 5 -50 29 41 -47 -16 -29 -38 -37 -35 42 22 2 -28 21 -2 -32 18 32 19 -48 32 43 4 -22 -36 16 -4 -16 28 24 7 31 1 -30 -3 -39 4 13 -25 -37 -23 27 49 -4 -33 27 -24
39 -37 10 -14 -1 -38 -28 9 7 -21 -10 -1 7 -29 13 -49 -12 -39 2 -47 -25 -29 -31 41 42 10 -49 0 37 3 9 -9 -44 19 -25 -19 40 10 32 16 -43 34 -25 42 -35 39 39 20 -50 12 36 -21 44 -35 41 0 -47 -35 20 -30 -17 -49 -18 25 -10 -7 -20 -4 -50 -46 1 -47 -18 -50 43 41 -15 49 -32 22 37 -18 16 47 36 0 -44 -39 7 48 34 -13 48 5 -27 -20 0 -5 43 -14 -12 25 -38 -7 23 41 11 -3 -45 -2 -11 -39 -49 -19 -30 -35 40 22 -38 2 47 -28 14 43 29 -22 -43 -36 -20 26 -28 -16 48 3 -16 13 41 11 26 16 39 -5 -38 -22 15 0 1 -37 22 20 42 31 21 -24 -37 -39 -31 17 -4 4 -39 26 -49 42 16 -42 34 -26 9 -5 31 -28 -44 -50 -15 -2 -33 3 -48 34 -19 16 7 24 -27 27 38 -45 49 -21 -12 9 -34 7 48 19 -2 -8 -25 35
39 41 -7 -42 43 14 -46 -30 9 -10 0 28 25 28 20 -35 19 43 5 36 9 -46 40 45 -34 45 -48 -4 -39 13 -17 -7 -31 3 -48 32 47 15 15 -10 14 7 26 -18 2 40 -7 -37 6 42 0 -23 2 9 13 -41 45 -10 48 -9 -9 10 -2 7 9 -20 34 -32 9 -4 -18 39 -22 -25 38 41 -3 34 27 0 -28 -27 -42 28 -19 -49 36 -22 14 1 -37 40 -18 -27 -41 45 -35 -36 31 9 -41 -15 20 40 -40 22 -17 47 48 -19 43 20 38 38 -41 -4 -17 -35 4 -14 12 19 13 -40 -24 -40 43 -7 32 17 -19 -2 26 29 7 34 -33 33 -40 -29 34 -4 32 -35 -9 -1 -45 13 18 14 41 -18 23 42 -39 -2 -27 -38 -17 17 -25 20 -49 7 -9 16 -8 -2 33 -36 8 11 -8 -18 19 24 -47 -50 6 -38 -19 -3 -9 44 40 -15 34 7 -13 -25 7 -11 41 -9 -1 -45 5 -6 -38 12
-27 -1 21 27 19 38 -2 24 -32 -44 -23 22 -45 -14 19 38 36 -43 -33 15 -44 -37 22 -2 -30 -30 3 45 22 43 10 -28 9 -50 -17 -35 13 -3 -10 6 35 -27 28 -45 17 -33 -3 -17 -12 3 46 8 7 -23 4 18 -6 -21 34 39 43 26 15 -18 -46 -31 -27 36 23 37 36 -29 -27 -15 -39 30 12 -30 14 3 28 -11 9 -43 13 -47 -39 4 -32 -18 9 32 -15 41 -28 0 35 -43 42 21 -14 22 -2 8 -22 -10 32 5 -49 46 25 36 25 -35 -19 19 31 22 6 44 -5 -1 -6 -34 -9 14 16 -38 -39 22 20 9 -9 -27 35 -9 38 37 31 -26 40 -28 14 -39 16 -41 -7 -12 45 -11 33 19 30 39 -43 2 26 -22 -45 -50 -42 29 26 -26 -17 31 40 48 -19 7 -29 0 -10 3 -27 27 -40 -43 36 -36 17 -43 31 20 -46 -43 -47 8 24 14 7 -31 0 4 8 -14 29 -30 22 -37
37 31 -42 0 42 2 -45 5 -47 0 -35 -8 -47 42 1 20 -5 15 -27 -17 30 13 9 4 -33 -20 -6 23 -7 -16 39 25 18 5 17 -11 -1 -14 36 21 19 31 -37 -5 4 15 -23 -13 -19 -22 -22 33 -8 -37 38 32 -28 10 -14 -19 -34 37 19 -19 -49 -21 16 37 15 1 23 35 -7 11 -38 19 -13 34 -15 15 16 -42 13 49 33 -20 21 -40 -35 48 -43 24 -15 -43 -41 30 40 -34 -47 44 8 19 -38 16 10 -34 -49 35 -13 34 16 46 -4 47 -10 20 26 18 -15 -28 -38 13 -15 36 -27 -50 -22 4 -30 45 29 13 9 -42 24 11 -40 41 43 -7 31 -31 12 -6 -23 27 -13 24 -28 41 -26 -23 -17 16 9 6 44 -36 -48 1 -43 -42 -5 -15 25 40 18 11 -30 -25 -18 7 24 33 -32 33 38 15 -22 -5 -42 11 31 30 15 -45 -28 22 28 -47 -20 14 -27 -23 28 47 15 -8 -1 30
-33 40 43 3 -15 -43 -9 -35 38 -3 45 -3 5 -6 16 15 11 -4 -36 25 -40 -47 20 23 20 28 34 -12 39 8 -31 31 32 44 27 -37 47 -48 44 43 -30 22 -11 28 -5 22 -30 -33 -3 19 13 -41 -44 2 -24 2 11 -28 -10 0 7 22 -16 -28 -12 -24 -20 44 19 17 4 6 -33 7 27 -6 -31 -15 -45 43 -35 -11 -32 21 -40 19 -33 -39 -16 43 -34 -45 -15 -38 -15 -2 -50 41 -43 24 -12 -48 -8 -22 -23 -15 0 16 -22 -10 10 -13 39 9 10 -33 -6 28 19 -9 -29 7 22 45 35 -31 -50 29 14 -6 -11 34 -2 32 -46 4 -28 -46 -31 32 -46 19 35 -27 4 -21 -24 43 11 39 -50 23 15 23 -7 34 -10 -24 -20 -10 -32 22 -7 -38 17 -13 -21 -6 35 48 18 -42 -45 -50 18 43 -5 -27 -43 43 -41 -39 -17 -44 39 49 12 -2 0 14 27 24 23 -24 36 -50 44 -10 -22 -22
34 10 48 46 -7 -24 34 -33 -14 -6 18 -27 -27 36 1 -19 15 47 46 31 16 18 21 15 25 -12 -7 -5 15 14 -44 22 14 28 -26 -39 16 32 -23 -43 6 -34 32 24 10 4 38 -9 38 48 35 -14 46 4 -26 8 29 -48 23 2 18 -19 -9 -20 34 -38 15 23 15 42 -28 47 36 30 -41 45 26 -45 38 41 11 -33 -35 -32 23 10 -17 10 -21 -19 20 -31 30 -19 -10 -37 18 17 -41 0 25 -2 -23 -14 47 -13 -27 -18 16 -36 38 19 0 6 23 -26 28 46 39 36 -19 -22 -46 -4 -32 -22 -47 -24 34 29 -22 39 -10 -39 38 3 -16 -38 22 -36 7 -10 -2 38 -1 -41 -46 0 28 -43 -41 -10 16 15 21 4 -38 -27 36 42 14 44 -21 -23 -38 4 -26 6 37 -24 30 48 26 8 -23 -6 -42 49 19 -40 0 26 -11 13 21 9 -14 12 -17 25 -30 -13 -22 24 -30 25 -48 -39 -46 9
-7 39 -47 -30 -4 -49 41 15 29 -1 32 -35 46 4 24 33 -4 29 -11 -50 -28 18 -48 -47 9 15 10 -33 33 -27 -10 41 22 24 -36 -9 -3 40 -28 2 -5 32 -42 11 1 15 21 -19 -14 -32 -26 27 16 -1 -14 -25 10 0 16 33 -31 37 2 -47 20 -35 -27 -31 -32 -41 3 9 43 -1 5 -47 15 42 -48 36 -8 -19 31 4 26 13 -12 16 38 14 25 2 -16 33 42 31 -17 47 -28 14 2 42 -27 -6 -27 -33 -33 -47 -34 -43 -50 -28 -15 32 12 -44 -31 -38 -8 -43 6 9 30 6 48 7 -13 -30 0 -40 19 47 -25 -27 44 29 36 -14 7 -39 -32 -20 1 -22 20 28 -22 -31 5 -3 40 5 -19 -2 -20 -3 -23 37 -39 -2 5 31 -28 -27 -4 37 -38 13 -7 -30 -18 -25 -40 -49 -42 28 -6 -49 16 33 -28 32 -26 9 24 -38 44 -50 21 14 15 2 40 -50 -46 -28 -29 -8 -13 35
-30 -23 -30 -3 42 3 -15 -24 -30 -17 -22 -50 -41 13 -18 36 9 48 -34 7 -41 -23 10 12 -20 -18 -6 -25 -45 0 41 -10 -3 24 6 -9 32 -44 9 25 45 12 45 -44 39 -21 -40 -3 39 10 13 -39 -22 -12 -35 -19 -28 -23 22 -2 33 42 29 -3 12 20 -34 20 13 10 -42 45 32 41 12 -4 18 -45 37 -33 -32 20 -3 -8 4 46 6 -14 -24 26 -39 46 3 26 -38 4 -9 -29 1 16 -34 26 39 -38 20 20 48 -18 9 -15 8 -1 -26 -33 -5 -6 1 42 4 -50 23 45 3 -50 -32 -6 24 25 33 -18 -26 -11 -23 33 -1 46 41 -7 -37 -21 45 21 38 42 34 16 -44 -40 48 -21 -21 -27 32 10 27 -29 28 -13 -38 -50 -49 -47 18 -15 -34 -26 -42 40 -4 18 -28 20 -44 -1 15 -3 -26 38 47 -30 20 -31 32 -7 -16 12 -46 4 47 -1 -47 -11 -48 1 -30 -29 -11 -27 -30 6
9 45 -11 46 9 15 -36 -24 -28 43 43 -32 -15 -26 36 -43 -50 46 5 -8 20 20 28 3 -49 -48 8 -16 -30 20 22 -27 33 33 -48 -32 26 -7 30 24 -13 -42 -24 -50 37 -41 -16 -11 -48 34 -39 3 -23 -42 -19 -44 26 1 -32 -19 -25 4 6 3 30 31 -22 47 1 -28 -16 19 4 -19 -40 -43 45 -3 26 -46 -32 -43 15 37 33 -13 -50 38 -5 -48 2 -32 -18 -4 2 -2 37 7 34 -12 -38 -44 -4 -22 38 -6 8 -4 -19 -38 43 12 16 8 -23 -20 -35 -44 32 8 18 -23 0 41 -15 23 11 -41 47 1 -17 9 -44 37 -20 34 26 38 -20 44 7 -42 31 -20 -20 -35 2 10 -6 38 7 -46 -44 -27 0 -19 -14 23 -45 15 15 32 18 22 -13 37 -28 29 -9 -2 -9 10 -15 19 -17 42 -38 -25 29 -17 -24 25 32 -42 -43 35 -13 5 14 33 34 7 32 -21 21 46 -43 6 39 -17
0 -4 -30 -46 23 -7 12 2 -28 47 3 -36 49 -3 -40 -14 10 25 15 -33 -50 -42 -33 47 -9 -45 0 27 29 30 -35 31 47 -20 39 0 -37 -12 -50 8 -49 -37 -49 -46 33 -20 45 -31 13 11 41 -46 27 -7 -12 -50 34 -45 -47 -48 36 24 -11 -41 -22 -14 39 -4 4 43 38 25 10 -8 34 17 17 -20 -27 20 10 37 24 -46 14 -14 29 -15 15 22 12 31 42 -16 -4 -7 -27 -4 18 16 -24 37 6 -32 38 -6 -39 -16 25 9 14 21 7 20 -6 23 -2 -23 18 -2 35 -39 -27 20 -6 -12 -18 -26 48 -24 -4 49 -15 -40 29 44 -28 -24 -33 -27 11 -8 -23 18 2 -19 17 -1 -44 -16 -40 -10 32 12 14 -47 5 1 -7 32 31 -49 1 22 33 16 -29 -11 -35 -30 17 2 -4 19 -37 -22 -41 -31 -27 -49 -25 22 25 -39 7 -46 -20 27 15 -28 45 -14 46 31 5 -27 20 -8 -34 39
-28 -16 17 17 9 -34 -30 20 5 -37 -6 -13 -40 19 49 -31 38 8 -43 42 -36 33 -37 47 30 -44 18 49 16 -47 -32 -39 -32 -35 -46 47 41 30 -38 -34 -19 -10 -46 -48 -15 12 -50 36 -27 -31 17 24 -45 10 3 -19 -29 -26 -29 -46 -4 10 -33 3 48 1 -28 21 -48 11 36 45 -37 -48 28 27 3 8 39 48 2 42 -36 26 5 -50 -11 -48 -3 -48 12 -47 37 26 -37 -25 -46 8 9 -38 47 -7 45 10 44 5 -7 40 45 30 -43 22 -20 -1 -21 -21 -1 6 0 28 -31 20 -41 44 -11 34 9 -46 -47 12 -42 -8 -37 46 38 24 -6 -13 -43 40 41 -6 35 -41 -36 33 -50 -30 -42 26 -47 1 -4 46 -22 14 -40 -18 42 -32 -25 45 -35 -20 -19 39 -25 -34 45 46 -37 -48 37 -33 5 18 5 39 -10 10 9 9 -35 19 -42 -11 -2 -6 40 0 -7 41 -28 -10 -23 -1 -14 -31 -15 38
-27 -15 -12 -5 -32 -33 -46 20 43 49 27 -44 -5 -28 33 -30 -17 38 -50 10 1 1 -36 43 -21 -42 38 47 44 -46 -28 -9 -47 -47 48 31 31 29 22 14 25 -29 46 39 48 23 45 -30 34 5 7 -2 -19 39 -34 18 9 -22 4 -18 7 -50 40 21 24 -45 24 9 39 -16 -31 -27 -12 -49 -40 41 -38 12 -43 -43 -1 19 -36 45 29 -12 36 -18 40 1 -28 -31 -40 -21 -31 -8 46 -9 5 4 30 27 24 44 -19 -5 -41 33 -34 24 18 1 -17 -16 12 -45 -5 -27 -17 -8 34 -39 -41 40 9 -10 -31 27 37 7 39 -41 22 -48 -34 10 -4 -21 24 -31 26 36 -19 -19 -48 0 -4 -15 8 2 -16 -22 40 -36 28 36 16 -48 10 13 30 49 -5 -31 -10 14 -28 36 33 -36 41 -9 -12 -44 -22 45 -13 -8 -39 -49 27 49 8 -25 21 11 27 37 33 10 -37 28 13 23 12 27 33 49 40 3
-2 48 -41 3 -16 37 -19 4 33 37 20 46 23 -1 -31 12 35 5 -2 -38 16 -6 3 45 -33 -32 42 -44 -38 -4 -22 34 27 -30 17 -50 -37 2 21 -20 -14 48 22 -33 -23 -30 9 3 44 11 -11 -44 0 16 -12 -48 -10 36 14 39 33 12 -17 23 26 21 -8 15 -1 -18 44 11 -43 22 28 -12 7 22 13 -5 -48 -22 -29 -23 25 -32 37 -46 7 -10 -6 -8 4 -12 -43 16 -13 26 -43 -11 -37 -2 36 -20 -8 -2 -32 -35 -37 5 -15 39 23 -10 27 -38 -27 -29 -10 -26 -45 -16 -48 47 7 -18 26 -49 45 9 -12 43 -46 -19 17 7 -3 2 -27 3 -42 31 -46 40 49 25 -38 17 -17 -32 -10 35 25 20 -1 6 -16 -28 6 23 -26 -31 -49 -18 -25 14 22 41 29 23 36 -47 22 38 -18 -38 -10 47 42 7 -46 30 -12 -45 30 -30 -30 48 -20 -41 2 30 -34 -45 -8 0 -33 -5 14 1
-8 -21 0 -11 17 -17 -29 -20 -41 48 -30 -22 -48 26 21 44 10 21 35 14 34 48 4 -13 25 29 -47 45 -13 3 -25 23 -25 14 8 -26 -15 -46 -4 31 -21 -14 37 37 20 -14 -17 34 14 23 28 33 -48 37 27 22 11 26 -21 -46 43 -27 1 47 33 39 27 5 -21 36 0 -6 11 26 -6 6 -16 -40 44 -48 -15 -4 10 -16 -34 -45 35 -37 -48 33 -27 -45 -22 47 31 7 35 -49 -24 -13 -18 42 -33 -22 -16 14 -8 -18 16 -21 -27 -15 -29 30 -37 -24 -1 -25 20 48 -16 22 -48 -41 12 -28 -41 -32 -38 2 35 -19 -36 -18 -12 38 -1 18 -30 -43 10 -24 -13 -49 -4 47 -44 49 43 -13 -1 32 -18 38 31 8 1 -7 -23 -7 -10 -3 -22 1 -15 -3 47 11 5 24 -41 21 36 -37 -2 38 -1 0 -14 17 32 22 -18 -11 -17 -17 -37 41 2 -30 3 -15 -40 -49 23 -37 -25 -48 -42 -4
-20 -1 -48 -6 -39 19 22 49 20 -31 -7 27 7 -47 8 40 -9 0 17 48 -47 22 3 -16 32 31 3 19 -47 -9 10 8 -16 -31 19 -37 -48 35 13 -7 -48 -26 11 -4 -18 14 -45 49 6 15 9 33 4 -4 7 -21 -36 -38 16 -22 8 -24 -23 -43 12 44 -24 -42 -11 -33 18 -10 -20 -28 49 10 -36 -49 -41 18 -18 5 -18 43 -43 1 -21 12 7 12 -4 36 16 -12 -43 37 -13 4 -3 4 39 -7 11 -28 18 -18 -21 43 33 -16 -4 -43 39 -49 -24 -43 -13 6 -49 -28 23 -31 -21 -38 -50 -46 11 16 -12 40 9 19 23 -41 45 -29 40 -18 47 8 43 39 -32 13 -3 31 -13 -45 -5 -50 -34 -13 4 -47 -34 -38 -8 -23 -3 39 0 10 -37 -22 -17 -1 11 -35 28 10 -37 21 13 -35 -18 -4 -40 49 -50 35 -49 41 36 -9 32 26 -7 -25 -12 17 38 17 -47 38 -25 -17 20 -24 48 -17
23 -38 33 -26 2 48 -17 -10 40 18 47 -25 36 12 -26 -29 24 17 48 1 42 -45 -49 12 34 12 -38 45 3 17 -43 35 0 -3 47 42 -38 -36 -29 -41 -23 -2 15 13 47 43 -20 0 -37 0 22 39 -4 2 18 44 -45 17 17 -10 42 8 -31 -40 4 16 36 19 -21 -38 14 8 -17 -46 -10 20 -9 15 44 -16 3 -38 -4 -49 -13 31 -44 -35 -26 36 5 -2 17 -45 -39 40 12 -29 8 -9 -11 -14 -12 -19 -16 -16 27 43 -47 18 33 -29 24 -49 17 -3 10 -47 33 -26 2 40 28 -16 -19 5 13 7 -32 -36 44 2 -50 41 -6 30 9 38 12 22 -26 -42 43 36 -45 8 -34 36 4 13 2 -5 -17 39 22 -37 17 34 23 40 38 46 12 28 41 -14 -47 -1 42 19 -32 -48 10 7 -19 19 44 -27 -34 3 -36 13 0 -11 36 -25 30 -42 -22 36 -29 25 -17 46 11 -38 -26 42 -10 -47
44 34 11 -15 -29 29 -40 -48 27 21 -9 40 34 -15 25 -25 -10 35 13 17 19 -35 49 37 40 -45 -47 3 -31 27 -50 40 -34 -33 24 20 43 25 26 45 -6 6 25 -1 -42 -30 7 -31 -25 -9 8 4 -36 -1 30 -23 36 -2 -27 25 -28 -14 20 -36 -6 4 31 1 -11 25 17 45 -25 29 -36 -6 14 -2 1 -42 35 36 29 -39 -26 -16 -17 -46 43 35 -5 2 -37 -19 31 -12 39 13 -47 48 -31 11 26 47 37 41 11 0 -4 -11 -7 5 42 33 49 -29 16 41 -28 2 49 31 -24 31 -30 40 -41 -7 13 3 -7 10 24 7 -22 6 39 -37 -26 32 8 -42 29 -25 45 -47 23 -44 -48 -49 9 1 5 30 47 0 31 46 -39 -19 18 -7 5 49 47 27 19 -13 -2 0 -27 0 47 -7 -50 -16 -32 29 -50 -41 26 9 8 14 -24 -38 24 -45 -43 33 -32 30 -24 -47 8 -42 -18 -47 27 -21
