100 50
39 -37 -6 0 48 49 14 -31 17 -8 -40 -41 -48 20 -50 -30 -43 -20 -23 35 -24 -7 24 19 -17 23 -40 -31 20 42 2 32 21 2 20 12 12 48 -47 31 16 18 -46 26 -46 -42 25 12 42 46
-2 -40 -36 22 8 32 -2 -37 -2 -31 -50 11 -45 13 -23 -39 -29 -8 -11 -3 4 31 -6 -48 13 9 -49 -17 33 -48 30 -31 5 -46 -26 19 -39 40 43 -13 8 -23 47 -11 24 47 -44 -10 -32 36
-6 -25 -36 34 -16 -50 16 -29 -35 -42 -16 22 -31 48 31 -26 39 47 29 39 -44 -6 -36 -14 21 18 14 -6 11 -30 45 -25 -48 -14 -10 47 -41 21 1 -43 15 -46 40 23 -42 25 45 8 41 38
8 -21 -39 -16 24 34 49 -43 0 -39 -45 -4 5 -44 -3 -48 38 -34 -41 -12 -12 6 10 -26 -3 -8 -9 13 -5 41 0 1 49 37 -5 9 46 13 -42 48 44 -23 19 -45 -12 12 -43 3 -37 25
38 -48 -30 34 20 -29 19 -28 16 5 -43 -12 -24 -14 47 8 14 16 -17 43 45 -35 12 -9 -12 -26 -30 25 -24 3 -7 28 -26 -48 17 -28 19 -22 35 -30 -24 -15 -41 5 27 13 5 14 5 14
30 -27 37 -22 -14 -49 -4 34 -9 -10 -36 46 -29 41 -46 2 34 43 -46 -9 36 -31 3 43 3 1 -15 -50 1 -32 -33 -12 27 -47 -7 36 -8 -33 -42 -42 12 -3 22 -8 4 40 0 40 -16 34
-24 -29 19 -10 34 36 49 -8 12 11 47 15 -6 28 -30 1 -14 -13 12 30 14 41 28 48 26 -18 -17 -24 -30 -6 38 17 -1 46 -23 -28 35 14 -3 -3 0 38 -30 12 -38 21 -50 -47 23 -43
17 -17 -48 -44 0 -27 -24 -19 -10 40 -42 20 35 20 47 4 -6 -5 -48 48 48 -31 -44 21 27 15 -36 -1 6 27 49 9 -11 -44 -33 21 45 -11 -37 37 -43 47 -24 9 -35 27 -6 46 43 -10
-14 -13 17 7 -10 48 -26 -20 48 36 -41 -23 31 0 -15 8 48 49 -31 41 -19 -36 -15 -32 7 26 -29 -19 49 -37 -2 47 12 -16 7 30 49 36 -11 44 26 41 -24 43 -31 42 -29 39 -32 -32
18 -1 -13 -9 2 45 -42 -39 -21 -9 -11 47 10 26 -43 3 -33 0 -32 22 24 -19 32 18 27 -19 19 10 47 -7 -50 20 6 6 -8 39 -33 43 22 -12 31 -40 -48 1 -14 8 -42 -32 33 -7
-11 -50 -34 -46 38 48 -25 -27 -35 38 -21 28 -30 6 -43 -21 -27 -36 3 -32 21 -44 39 -9 15 -35 -46 17 -24 -6 -43 -1 45 -20 38 -42 16 33 -34 45 -13 37 1 -29 43 -33 -9 -16 -49 -36
38 34 8 -39 -4 -11 -10 45 -48 28 3 -10 -24 8 7 -41 11 -15 5 -25 -7 4 -32 -29 23 8 24 33 49 23 -37 -17 -2 -10 -1 -50 2 33 48 -36 14 32 35 -10 -12 -20 10 -23 -48 9
17 0 -26 31 15 21 -5 -27 -20 40 -18 8 18 -4 0 -14 48 25 4 -27 32 2 15 -2 -8 -17 23 25 -7 -3 17 -48 -23 -25 -35 -4 17 -42 47 -9 -45 -24 -35 4 -33 8 24 -27 -4 -5
-37 46 47 6 34 -19 -35 23 -36 -25 18 -47 21 -50 31 38 -15 -7 33 6 -50 45 -35 -14 -22 -27 44 37 28 -13 36 11 -23 -3 -34 -18 -33 -2 -10 -13 6 14 34 35 -27 -47 39 -22 -47 0
-31 12 -41 46 -43 -15 49 -32 29 -2 30 28 37 38 -48 10 -8 -16 -36 -33 -32 49 41 -4 18 -9 21 -44 -12 -42 12 -23 42 -41 -49 12 14 20 -24 47 17 21 35 17 -12 11 17 25 -8 7
48 3 3 22 49 -30 -34 -25 5 39 32 48 -32 -28 -13 -27 -20 -21 7 11 25 -39 25 -40 -47 22 -38 -36 5 -25 7 39 -45 -23 48 30 31 13 -48 20 12 26 -38 4 -39 -7 -49 2 26 2
-48 -10 -34 1 -34 5 -16 31 32 5 15 0 1 -34 42 -3 -30 45 10 29 -10 -34 -46 45 8 8 4 6 29 24 -16 34 16 -19 2 -3 -47 -47 0 -20 38 -22 -23 8 -48 13 -49 21 -8 29
-33 -15 -2 12 -42 0 -2 -49 33 -3 -37 36 -19 -20 -35 -45 2 34 13 14 -46 2 -18 36 -14 4 -49 46 46 -47 29 29 -37 13 -46 -5 21 -32 18 41 25 -3 -31 20 -22 3 -20 -40 17 -23
-5 30 23 20 -44 30 -15 -44 18 7 47 -11 -14 22 29 49 -7 38 -34 -34 3 42 -48 -18 -44 -9 -25 36 19 -8 -7 -44 36 -7 34 -30 -29 -20 1 31 34 -36 35 -44 9 -30 -32 24 34 -17
-27 -26 -26 -50 -12 -38 -49 13 34 -5 -24 -47 46 -38 -38 -42 29 21 -32 -16 -1 35 -6 -32 47 31 48 5 19 16 -34 46 12 1 0 2 -36 40 -18 5 -27 43 -23 22 -37 -35 -38 1 16 36
16 14 -10 -45 -15 -25 24 40 44 45 -32 23 -45 0 41 -36 -7 24 13 -42 -9 -27 34 35 22 37 25 -31 -12 -32 -46 46 43 19 1 -19 48 -47 47 26 37 35 -19 31 -16 -33 26 -43 45 46
37 41 -30 27 -48 49 23 -8 -26 -3 10 16 10 -43 4 -37 -42 25 31 -33 46 16 -47 -2 -12 -2 -37 27 16 2 -32 47 -6 19 -16 40 -33 0 -43 -16 36 20 -15 -2 43 -34 44 32 -25 23
23 -50 33 7 19 41 -39 41 27 -10 -1 24 45 46 45 -9 -21 -27 24 -10 11 -12 -47 43 18 16 -44 -32 -8 23 -21 -50 13 12 -11 -36 -43 11 -14 7 -9 48 37 39 49 -11 5 -33 4 -1
3 -19 27 -19 38 -11 -23 27 -43 21 42 -5 -48 28 29 3 -24 18 1 -44 -4 -24 -26 -50 -21 -8 -17 42 18 -35 13 -24 -43 46 30 16 28 -31 8 21 -18 -41 -13 6 26 -18 29 -4 -42 -13
34 -47 -10 -37 0 -16 -31 -20 -23 26 -7 25 -8 -48 -26 -30 37 48 -39 1 37 -1 16 40 29 13 -17 25 -9 -36 28 -32 -31 -6 -18 -37 35 18 5 -6 -45 -5 -14 -23 10 -45 -50 -17 43 -43
45 14 -45 -41 -28 -41 42 -37 -42 -11 24 -12 43 46 -3 -37 -4 -48 -22 1 33 22 -19 -12 5 -32 -3 9 -11 18 26 -31 -28 15 25 25 -22 40 -33 -12 34 -20 -5 -23 41 -43 -26 -4 -48 -40
36 38 38 48 35 -17 -15 40 -31 17 21 18 8 24 -5 -30 -5 -37 36 -20 -29 15 19 -11 15 3 41 -9 4 4 -29 35 -17 -17 -44 -7 -17 41 30 31 -10 -28 -28 -11 38 47 34 20 48 46
45 9 38 -31 38 34 -42 23 -39 26 5 11 37 -24 -48 34 48 32 23 21 -32 7 0 -14 2 5 26 22 36 47 -38 -23 -46 -1 23 34 -19 -38 4 7 -35 -46 -5 -6 -40 -36 18 -3 -36 9
-9 27 45 47 43 47 18 -50 -13 -41 -10 6 18 -36 13 -16 -5 38 -14 17 -1 6 -4 29 -21 6 -9 0 -42 7 -46 -40 30 -31 0 7 12 3 49 37 -36 37 20 7 -7 5 38 25 -35 9
43 9 7 -30 -29 -10 -7 7 -26 -46 14 28 48 -15 -27 17 38 -41 -23 11 -25 -18 40 12 20 -24 -39 46 -5 -13 28 35 36 -25 -17 -16 35 -10 12 5 -1 -48 -43 -18 5 -38 -42 -42 5 -35
2 -26 -33 -26 -14 2 29 38 -28 -41 -50 -11 16 1 -40 13 -25 -46 29 -5 -6 -30 -10 -21 -12 -11 -11 -15 -12 -19 22 -29 -45 -37 -30 -33 -42 -47 -22 6 10 39 -5 -4 15 44 -24 -34 5 -50
3 -37 -50 -36 -41 31 -45 10 11 -17 35 0 8 13 45 43 6 -46 1 -16 16 31 -23 28 43 -10 20 47 -49 -12 44 -16 14 -50 -49 24 -48 41 9 23 -50 8 6 -31 20 -22 -16 -39 8 42
-6 15 -7 -12 17 42 -50 -25 -48 -29 11 6 33 22 9 39 20 -48 39 8 -22 48 26 -48 -35 -9 37 18 -24 -28 45 -37 -34 -43 46 -41 3 -9 13 33 -39 -42 -45 -4 5 9 1 -36 -24 38
-19 -18 12 -30 -28 -38 41 13 -50 -26 13 -17 23 3 -31 23 -6 -30 -28 -29 -8 1 16 22 11 -29 18 -31 -43 37 -5 -31 6 -24 -5 -46 6 1 49 12 -48 27 -17 -17 20 26 -18 2 -34 7
-31 45 -23 -28 10 17 44 -42 22 5 49 49 -23 -9 -38 24 -4 18 -5 -33 -14 -39 25 13 15 0 -1 44 48 -6 -30 48 1 6 -23 31 -38 -34 -45 -47 -17 -12 19 18 1 -32 19 -33 13 -45
-2 -13 24 -48 -34 33 -8 49 -47 -13 4 25 -46 26 -22 -5 40 28 -9 -5 16 -47 6 46 23 40 24 27 0 -12 -7 -37 44 21 -25 37 26 -3 -50 27 -24 -3 -7 25 -42 2 18 19 21 -48
-46 -39 -2 9 -30 7 18 31 5 -4 -19 37 -12 9 -1 -41 -43 -38 13 -44 -25 -41 30 30 -38 8 34 7 -13 27 -43 15 -11 -23 17 10 -21 28 -3 -32 -25 -46 -45 28 -24 -18 -2 -13 -45 -7
-44 -48 39 -27 -9 16 32 31 17 -23 32 21 -23 22 -47 31 45 -20 -43 -7 -14 19 -2 29 5 -44 3 32 -2 41 16 12 24 39 -8 20 7 -25 -6 18 -46 -33 24 42 -4 47 -11 -36 2 33
-17 22 -3 20 27 -35 33 38 -38 -8 -42 -3 -18 41 -16 49 25 22 -38 -41 45 40 -17 21 -11 -32 43 3 25 24 42 45 -49 49 -17 -7 -38 4 38 0 3 -16 13 -12 -15 17 11 35 -42 36
-35 11 -37 34 -15 28 -31 -29 -37 -31 -16 26 26 40 -10 -20 -10 0 25 35 -27 41 -44 29 27 -23 -45 13 45 -24 -47 -28 -25 -3 15 35 -23 -34 -30 -34 -5 -44 -34 28 12 -38 6 -38 -35 -20
-18 15 8 -18 36 -5 28 4 -46 3 0 0 -45 -14 -16 15 -22 -33 -39 25 -3 -20 -12 37 -31 10 16 22 5 21 33 -44 -27 -19 34 11 -11 -26 -14 -7 -43 28 5 -9 1 2 33 33 0 36
13 19 -30 -35 30 -13 14 -16 40 4 26 0 5 -40 24 -15 13 41 18 3 -50 -27 0 -26 -18 -35 -29 46 40 20 13 -11 5 32 33 32 -7 16 -20 40 6 37 -2 36 -5 -6 -20 48 20 11
-2 -49 13 48 -24 15 -14 48 0 -16 19 -9 8 14 4 -32 32 47 29 -23 33 -27 -50 -41 -11 -1 5 0 44 19 36 17 41 13 -21 -9 -43 12 -36 5 42 42 19 9 -12 31 -15 -37 8 -4
44 41 5 2 -38 35 -11 -6 37 19 2 36 -2 -18 6 34 -8 5 -36 -37 25 21 32 -28 -9 -34 26 39 -26 42 -35 -2 14 -50 15 6 -29 -42 29 -6 42 38 -9 0 -11 5 -14 24 9 21
37 45 -29 -33 -13 -34 -40 35 -18 -32 47 43 -34 9 -20 10 -37 47 -1 -6 -10 -3 14 41 6 31 22 -3 -40 6 10 38 4 -33 -4 -6 17 30 -38 -3 37 -44 33 10 12 -4 30 6 31 44
31 -43 -25 30 11 -32 -3 39 -47 26 -31 15 -13 -5 23 45 46 -22 -42 43 -47 -49 -24 49 -42 11 28 -39 -45 15 -15 -12 -15 -50 2 -14 39 49 24 -1 -46 23 -1 -24 -25 49 30 -19 -18 -5
-41 29 22 -14 30 -46 -37 1 25 -42 -17 -18 -46 -16 -30 -45 44 36 -49 2 -14 15 -16 -42 42 49 -6 14 -18 -18 24 -21 -33 5 11 6 9 0 -20 1 31 -14 -6 29 14 20 45 -4 7 -2
22 42 35 7 13 9 4 -11 -15 3 -2 -6 30 39 10 1 5 31 33 26 -28 10 -24 26 44 -34 32 -44 -6 -15 -44 -21 -1 5 32 16 -6 -35 -40 27 28 -28 4 13 49 -18 18 20 33 -21
10 4 -30 -14 -16 29 -44 -42 47 -35 7 -40 -5 -49 -35 -11 38 -45 -49 7 33 5 -29 -1 -29 -45 4 -29 -39 -1 -22 16 -46 -29 -47 -38 5 46 -41 8 -2 11 -19 28 10 -49 20 40 -46 -8
36 -21 36 -33 -9 11 -13 32 -13 -12 -9 -46 -41 -10 -40 34 34 -4 36 -3 11 -2 -20 15 -30 -19 -47 -31 43 -29 -2 -41 -21 43 -6 18 -23 28 -5 13 5 -22 16 13 0 -24 -23 38 10 11
-6 -28 48 41 -46 27 -24 -37 44 -10 22 -4 45 -30 -7 28 -3 -15 -28 46 48 27 27 3 -5 -18 48 -15 10 42 -49 -6 -42 -35 30 -4 32 -16 31 -50 3 42 -25 -12 7 -37 40 29 -3 49
40 27 -14 -1 -37 -6 40 43 -10 46 -30 20 28 24 -12 42 -39 -14 -31 -11 -45 11 -47 -16 -2 -22 48 -16 -37 19 2 26 -10 -21 4 -12 32 37 -27 -16 14 26 -28 30 12 -48 -45 -41 -12 23
-20 2 20 -3 -3 39 25 -10 31 -42 26 28 23 -41 -13 -50 30 -16 -11 -41 23 3 12 21 -46 -45 -31 45 -30 -14 -21 4 -41 21 -23 -18 -47 19 34 15 24 40 36 -7 -28 -12 -7 -50 2 23
-37 22 4 25 3 29 -8 -26 -39 -22 39 -49 24 17 -1 33 42 38 -39 -4 -41 -43 -16 17 17 -42 19 41 -8 25 -14 34 3 43 42 20 -4 -43 40 12 33 30 -43 -12 17 32 18 36 -41 7
37 32 -43 -47 5 -24 37 -26 -33 21 39 -4 -21 30 29 -41 -8 32 45 -40 -35 -37 4 -39 -20 1 41 -15 16 -7 36 -3 16 -11 -13 -34 16 -1 16 -25 4 -39 29 28 -26 18 21 -5 -4 33
28 -39 32 29 30 41 -37 -5 30 -11 24 -6 -2 46 -40 -5 -37 -8 26 -47 27 9 -6 13 -20 26 49 22 6 48 30 -44 -33 -16 -19 3 -6 1 -8 -7 20 47 -29 -7 20 -17 43 13 3 -10
39 28 37 35 -7 30 -39 24 -15 -37 -47 -8 -25 36 -50 45 24 37 -27 -32 -6 -50 18 33 26 6 -33 -38 44 17 19 -43 -29 44 -26 8 23 42 -16 -28 0 -45 -36 -15 -2 -4 -14 48 4 -22
23 -8 -9 49 -1 -9 23 18 1 -25 -35 26 38 6 14 0 18 42 -1 5 25 -37 28 -32 7 -25 -43 11 26 20 -12 3 -28 22 45 -40 -49 31 22 34 -18 -40 -7 -41 -41 22 25 -31 10 -20
-19 -40 -38 -14 -21 23 -42 7 -2 -44 12 -36 26 -39 -31 -30 34 21 43 43 -28 39 5 -36 -12 -45 -36 6 -13 -8 42 -29 12 42 45 6 18 -22 42 -2 8 6 9 -11 -24 17 27 47 16 -49
47 -46 1 9 29 -39 -21 -34 -9 24 29 15 -34 -45 -46 35 -28 48 15 -50 44 6 7 -49 -33 -50 14 -18 41 25 19 33 -40 -14 -12 -23 -17 -49 45 -25 31 -29 36 30 30 48 23 -47 -26 4
-37 34 -38 -43 48 16 -26 43 -40 -7 -14 14 4 37 -37 -29 16 31 -40 -32 -4 3 34 -20 34 9 -31 -39 34 -18 -15 -37 -34 10 27 -16 -34 -32 33 31 -6 46 21 -8 24 -49 -43 20 -9 2
42 36 -21 -31 22 -6 -12 24 15 42 -28 49 28 -36 1 -44 33 3 14 13 38 -14 22 -9 -36 8 -13 -38 -39 30 -7 26 16 -9 7 -8 -31 10 -33 -27 25 29 45 11 -12 26 16 39 -10 -26
2 -50 -23 -40 -13 4 -50 48 46 -10 -16 3 1 -7 -9 24 -49 49 -42 20 -28 -42 -14 -48 -48 -18 40 -25 -37 19 -31 34 39 18 -13 44 -50 -3 -50 33 26 21 -40 -9 -34 -20 35 20 21 14
-22 2 20 -43 -45 -38 6 -2 -4 6 -36 -35 -3 27 46 38 -46 18 2 -43 44 -24 17 -33 27 44 -7 31 -10 -36 47 4 7 10 2 -41 7 -19 3 -17 -25 -8 -1 19 -39 -27 -33 -50 15 3
-42 -32 -32 36 23 26 42 -10 -28 21 20 2 -29 35 47 -17 28 9 22 48 -40 12 44 43 -25 -26 8 34 7 24 -29 38 -44 -37 -45 4 -13 -49 14 0 16 38 -4 33 -41 -41 46 -3 -31 -8
5 -48 -5 32 21 49 0 14 13 -19 -45 27 12 39 26 33 28 -24 35 22 20 38 -21 39 11 39 -17 26 -50 33 -33 -34 11 -50 -21 -27 -31 0 -41 16 -45 16 -2 41 -23 -45 -12 -38 39 -11
-21 -46 -26 47 15 48 -10 38 -34 37 -18 -17 -39 -30 -23 -39 -14 3 -3 -48 27 -23 28 11 -15 -16 -18 -4 1 39 -9 32 -12 -46 -21 -14 -30 -47 7 -11 -14 -25 17 16 14 2 -2 29 -50 13
-30 -21 -28 -14 -30 -22 -19 -28 -15 -2 3 -33 -49 -44 -6 -46 -39 -15 42 -3 -18 -32 19 15 0 -35 -30 26 -24 47 35 31 -25 36 10 46 27 -24 30 -6 39 -9 -39 5 -30 -50 25 -19 -44 28
-33 -17 -37 -45 23 -25 -20 -16 -38 -38 -50 -6 1 39 8 15 27 -18 -21 19 38 23 -40 -25 -5 -36 -31 34 -6 43 -10 10 4 34 49 -36 19 12 -8 10 -46 -30 8 15 -8 -45 -27 -8 -1 40
-26 -8 -46 -32 -18 -42 20 -8 -17 -47 -34 -23 42 45 40 39 6 47 26 -11 49 45 -21 30 3 -10 31 2 -36 -8 -27 4 -44 18 -32 47 21 1 1 24 -38 14 5 -10 -18 10 35 2 2 -25
-1 -6 49 -24 30 -12 11 6 3 -17 -12 8 27 -44 1 43 -39 -50 -27 29 -37 47 -36 6 -36 40 16 39 13 -13 -23 -17 13 0 43 23 5 35 46 -44 -7 -7 29 -3 34 38 -4 10 36 15
-33 25 -9 48 8 19 17 -9 -39 26 44 -49 7 -17 39 17 -44 33 19 -10 -21 9 30 -16 46 31 1 -37 8 16 -37 3 -49 46 -22 25 -8 13 40 25 7 48 -11 -19 29 -38 19 -25 -29 -18
31 10 7 5 -23 41 -32 -2 -8 33 1 21 10 40 15 27 -24 15 -48 -6 -33 49 0 26 36 -6 15 38 21 -26 17 9 -29 -49 -47 38 24 1 47 -27 37 -6 11 -27 44 13 21 14 35 15
-42 -38 -45 -27 10 -23 -38 24 17 3 -47 -9 49 -49 -24 14 39 -47 -5 12 -39 -14 0 17 13 28 -3 -3 -34 15 -40 24 15 43 39 3 -3 33 33 -14 45 44 11 -3 -6 6 -24 30 -37 -12
-13 -3 -24 -21 -28 15 41 29 34 -10 -37 48 15 -19 -45 24 -30 -40 13 -8 -37 -48 -46 -11 -30 14 12 27 13 37 -11 10 28 -16 30 -33 43 -18 46 -37 5 44 42 18 29 -19 44 33 -14 -2
17 -47 25 -47 -46 -35 -37 16 29 30 -27 45 11 -14 36 0 -12 6 -49 -8 3 4 39 35 19 1 38 -50 7 19 5 -1 -38 -49 -39 -35 33 30 18 -23 -23 -25 -48 -17 34 -24 31 23 -34 21
-35 34 36 8 -13 -4 4 -45 -48 14 25 8 -1 -33 -49 -14 -26 43 -3 -48 34 20 22 19 -44 -1 43 -48 -21 -40 26 -22 -14 6 -48 10 21 45 11 -7 -4 10 -10 -21 49 -34 1 26 25 16
-48 -31 -18 47 -12 -4 -41 -40 34 -3 12 7 -18 33 20 9 -2 -23 38 -47 1 -19 -29 -10 43 32 25 14 -18 42 -34 -11 -23 23 -39 11 20 -40 13 30 22 -18 17 -11 -36 -40 37 25 23 -46
-37 -25 25 45 37 43 30 23 4 26 13 38 -49 -41 -14 -10 22 -7 -24 -33 -30 -19 -5 -6 25 46 -14 -4 -4 24 -11 49 -38 -18 -3 -23 6 28 -15 12 -6 26 6 -30 -35 -19 45 -40 30 19
48 12 -35 -6 -20 -14 8 7 34 -1 -9 -8 -35 -24 49 28 -38 -32 -24 8 -40 41 -13 41 -20 -43 -31 -33 45 1 -7 -18 -29 -36 -23 7 46 -21 -40 -30 3 43 -11 36 -43 -32 -1 13 -7 -20
-20 21 -21 12 -24 -47 27 48 -27 26 -14 -50 -23 -12 -8 10 -36 -10 -28 -3 23 -19 43 5 -5 -10 -50 30 26 30 17 20 -14 4 -45 -8 24 2 -8 11 -50 34 -23 -18 1 -37 15 -42 28 10
2 -31 -18 19 5 0 -7 4 -17 -31 12 10 42 48 26 2 41 2 -48 47 -3 -19 1 27 45 9 25 -2 -30 7 1 48 -2 -5 14 42 18 -3 39 -5 -34 4 21 1 46 -21 33 -47 16 -18
29 27 31 -24 -2 22 0 9 43 -47 -44 5 -31 -25 -15 -23 19 -7 7 -1 13 -43 35 30 29 25 -36 26 38 -13 -41 30 -33 -49 36 40 49 -41 -45 43 2 12 29 -43 -10 -43 -3 -22 -40 26
-32 49 3 5 -37 4 48 -4 4 21 -34 40 26 40 -19 10 36 25 34 -49 31 45 40 -14 33 27 -5 -32 26 -13 32 17 -17 -5 -34 -20 -19 -33 14 -40 34 39 12 -5 -9 29 40 22 7 -25
15 -34 3 16 24 22 -24 21 31 -49 10 -27 49 -9 18 -40 -33 42 45 -47 24 26 1 -23 -50 -12 -13 43 37 32 -12 11 33 -14 16 8 -18 28 10 9 28 23 -29 -7 -48 -40 -28 -2 -1 -37
-20 8 46 44 3 14 -22 30 -1 -46 -35 49 -37 -23 1 26 38 -8 -9 -14 18 -34 21 25 -23 -20 -31 1 37 18 -27 -2 47 1 -6 -18 -32 22 -11 -16 28 39 -47 33 -42 22 -17 -7 -49 -46
-40 44 -40 -37 -19 -31 -31 14 17 -48 -23 -47 -33 -41 -35 18 -4 7 -15 -6 33 3 -39 25 -4 34 3 -31 -25 11 41 -25 -1 29 -19 32 -30 -34 24 25 37 29 -33 -20 45 -2 35 -48 23 -22
2 -41 17 42 36 -41 -32 -20 11 28 40 27 0 41 -43 -47 7 27 6 13 44 21 5 26 -3 8 -19 -34 28 -1 -10 -20 -28 17 -12 -50 24 30 8 46 -41 37 33 -13 47 15 28 -10 11 -39
-46 47 16 13 44 21 37 47 10 37 -43 40 -26 -49 17 -9 14 21 6 -11 -43 -15 -50 -27 -41 43 40 13 22 19 28 3 -16 19 -46 0 -44 -8 33 44 34 37 -17 -44 5 25 42 42 13 -24
-27 36 44 6 30 6 39 31 -1 -15 -16 -23 -44 4 -47 -42 39 -11 46 -48 45 -21 -41 -30 -19 15 3 -2 -46 -4 49 -14 -24 -24 37 -33 2 0 14 21 -7 5 45 21 1 -12 -20 15 35 28
-21 35 -18 44 27 0 -12 -2 34 -13 -36 -34 48 -4 -16 23 29 37 -44 38 -39 -14 -3 -43 27 -8 31 45 -23 -38 2 -23 41 -9 -27 3 -2 25 -30 -47 1 -38 -9 7 -42 -37 -18 -50 -20 -41
-18 -46 27 -28 39 -46 31 29 -33 -43 11 0 12 4 -40 36 -42 32 19 -24 5 18 -20 39 31 5 -19 39 -6 -7 -7 -37 23 -14 49 -8 21 -31 -14 26 2 -50 5 -42 -32 49 -12 -45 -27 5
44 4 22 40 -20 39 -9 -50 -4 -44 -48 24 -4 -33 31 43 32 11 -20 9 -9 -25 41 -16 -39 -49 -37 -47 26 22 9 22 -33 -39 -21 -8 -42 -28 -8 13 -44 -15 -18 -25 -16 43 42 16 29 37
31 0 22 24 -46 -43 -37 22 -44 11 -1 26 -40 -6 -10 -30 -27 23 -19 36 -23 -34 34 -22 44 -23 43 -20 -46 2 45 -37 26 -45 -42 -28 -29 -45 15 46 34 38 -47 46 35 -25 21 -29 42 2
-38 -32 46 38 -47 10 -12 -39 46 4 17 -13 -41 26 46 -23 23 -18 -12 -42 -39 48 39 25 -42 23 7 12 -4 -40 -24 40 14 45 -16 -8 -45 -42 29 -46 0 26 -9 49 45 1 2 -50 26 45
6 20 2 -29 -29 -3 23 -14 -11 -12 10 -6 -24 46 -23 -4 -25 32 -11 44 -5 49 -37 -37 11 18 -15 -30 -3 -30 -44 -21 25 -42 14 28 -28 -36 -34 13 4 -5 10 1 6 -11 8 -30 -25 -17
-4 43 27 -42 13 -22 -34 -2 26 38 -18 3 -18 -34 -25 5 21 -49 -23 8 47 -31 -38 -41 40 22 39 27 -15 36 19 19 42 32 -49 -45 -36 40 -8 -6 -40 35 -29 31 46 -9 28 -1 -18 -27
-47 49 -17 -17 13 5 6 -50 14 25 -34 -7 -9 6 -43 46 -42 -44 -13 -32 -15 -31 -39 -31 -43 -1 -37 36 -6 4 -38 -33 2 -18 -36 43 25 20 -4 49 33 -32 42 -1 -30 -38 -38 -26 -34 4
7 -1 2 -49 4 -21 40 -3 -30 -40 31 49 -12 43 1 -47 37 48 36 44 48 -30 8 38 26 -6 -43 1 34 -30 23 41 6 -38 -2 -32 1 -9 -40 10 -25 34 -11 47 24 40 22 -44 48 -14
24 -44 11 37 31 -35 47 -4 -39 15 -42 30 34 8 -28 -13 -2 26 -30 8 31 9 32 -2 9 -5 18 -9 -23 4 28 12 1 34 27 34 43 39 29 -46 10 3 49 1 44 20 38 -28 -32 22
